ID,Province_State,Date,Confirmed,Deaths,Recovered,Active,Incident_Rate,People_Tested,People_Hospitalized,Mortality_Rate,Testing_Rate,Hospitalization_Rate,death_diff,confirmed_diff
14,Iowa,04-12-2020,1587,41,674.0,1546.0,60.55603952,17592.0,129.0,2.583490863,671.2677046,8.128544423,,
64,Iowa,04-13-2020,1710,41,741.0,1669.0,65.249418765046,18696.0,142.0,2.3976608187134505,713.3936451645029,8.304093567251464,0.0,123.0
114,Iowa,04-14-2020,1899,49,741.0,1850.0,72.46119663,18885.0,163.0,2.580305424,720.6054230000002,8.583464982,8.0,189.0
164,Iowa,04-15-2020,1995,53,908.0,1942.0,76.12432189255367,19869.0,171.0,2.656641604010025,758.1524569840344,8.571428571428571,4.0,96.0
214,Iowa,04-16-2020,2141,60,987.0,2081.0,81.69532489822427,20675.0,175.0,2.8024287716020555,788.9074461797228,8.173750583839327,7.0,146.0
264,Iowa,04-17-2020,2332,64,1007.0,2268.0,88.98341787139607,21792.0,183.0,2.7444253859348198,831.5294349285863,7.847341337907376,4.0,191.0
314,Iowa,04-18-2020,2513,74,1095.0,2439.0,95.88993529623428,22947.0,193.0,2.9446876243533624,875.6014107611172,7.6800636689216075,10.0,181.0
364,Iowa,04-19-2020,2902,75,1171.0,2827.0,110.7332241264114,24550.0,198.0,2.584424534803584,936.7679711589936,6.8228807718814615,1.0,389.0
414,Iowa,04-20-2020,3159,79,1235.0,3080.0,120.539715718585,25820.0,214.0,2.5007913896802787,985.2280657973613,6.774295663184552,4.0,257.0
464,Iowa,04-21-2020,3641,83,1293.0,3558.0,138.9316571482646,27615.0,214.0,2.279593518264213,1053.7208767232428,5.877506179620982,4.0,482.0
514,Iowa,04-22-2020,3748,90,1428.0,3658.0,143.01451551543414,28244.0,272.0,2.4012806830309503,1077.7219787134268,7.257203842049093,7.0,107.0
564,Iowa,04-23-2020,3924,96,1492.0,3828.0,149.73024516610556,29262.0,282.0,2.4464831804281344,1116.5663695337869,7.186544342507645,6.0,176.0
614,Iowa,04-24-2020,4445,107,1604.0,4338.0,169.61033123428626,31973.0,278.0,2.4071991001124857,1220.011500687027,6.25421822272216,11.0,521.0
664,Iowa,04-25-2020,5092,112,1723.0,4980.0,194.2982692114703,34350.0,293.0,2.199528672427337,1310.7120085259241,5.7541241162608,5.0,647.0
714,Iowa,04-26-2020,5476,118,1900.0,5358.0,208.95077026748064,36090.0,286.0,2.1548575602629656,1377.1061539359714,5.2227903579254935,6.0,384.0
764,Iowa,04-27-2020,5868,127,2021.0,5741.0,223.90853176215785,38150.0,300.0,2.16428084526244,1455.710716892693,5.112474437627811,9.0,392.0
814,Iowa,04-28-2020,6376,136,2164.0,6240.0,243.29256961750485,39823.0,,2.132998745294856,1519.5483061289044,,9.0,508.0
864,Iowa,04-29-2020,6843,148,2428.0,6695.0,261.1121477246841,41337.0,,2.1627940961566563,1577.318844146612,,12.0,467.0
914,Iowa,04-30-2020,7145,162,2697.0,4286.0,272.6357292843589,42667.0,,2.2673198040587823,1628.0683920749814,,14.0,302.0
964,Iowa,05-01-2020,7884,170,2899.0,4815.0,300.83416230621214,45592.0,,2.156265854895992,1739.67923996256,,8.0,739.0
1014,Iowa,05-02-2020,8643,175,3156.0,5312.0,329.7957464247325,46349.0,,2.0247599213236143,1768.5645089714135,,5.0,759.0
1064,Iowa,05-03-2020,9175,184,3325.0,5666.0,350.0955655960802,53186.0,,2.0054495912806543,2029.4477113670969,,9.0,532.0
1114,Iowa,05-04-2020,9703,188,3486.0,6029.0,370.2427545480944,57161.0,,1.9375450891476864,2181.1239918297038,,4.0,528.0
1164,Iowa,05-05-2020,10111,207,3572.0,6332.0,385.81103692010527,60569.0,,2.04727524478291,2311.164938701796,,19.0,408.0
1214,Iowa,05-06-2020,10404,219,3803.0,6382.0,396.9912004862799,63171.0,,2.104959630911188,2410.4508963782,,12.0,293.0
1264,Iowa,05-07-2020,11059,231,4266.0,6562.0,421.9843989021308,66427.0,,2.088796455375712,2534.69189491562,,12.0,655.0
1314,Iowa,05-08-2020,11457,243,4685.0,6529.0,437.17110572580816,70261.0,,2.1209740769835035,2680.987960146724,,12.0,398.0
1364,Iowa,05-09-2020,11671,252,5011.0,6408.0,445.3368224601474,71476.0,,2.1591980121669097,2727.349389269257,,9.0,214.0
1414,Iowa,05-10-2020,11959,265,5154.0,6540.0,456.32619825215517,74174.0,,2.2159043398277447,2830.298472209661,,13.0,288.0
1464,Iowa,05-11-2020,12373,271,5249.0,6853.0,472.1234259531662,77792.0,,2.1902529701769984,2968.3525055967602,,6.0,414.0
1514,Iowa,05-12-2020,12912,289,5618.0,7005.0,492.69034800834737,81288.0,,2.2382280049566297,3101.751317294187,,18.0,539.0
1564,Iowa,05-13-2020,13289,306,5954.0,7029.0,507.0757461805242,85719.0,,2.3026563323049136,3270.8274427608058,,17.0,377.0
1614,Iowa,05-14-2020,13675,318,6231.0,7126.0,433.42936923744963,89294.0,,2.3254113345521024,2830.1749248035712,,12.0,386.0
1664,Iowa,05-15-2020,14049,336,6561.0,7152.0,445.28330591714285,93566.0,,2.391629297458894,2965.576041102099,,18.0,374.0
1714,Iowa,05-16-2020,14328,346,6927.0,7055.0,454.1262159001226,96300.0,,2.414852037967616,3052.230219931729,,10.0,279.0
1764,Iowa,05-17-2020,14651,351,7154.0,7146.0,464.3637066689487,100241.0,,2.3957409050576755,3177.140285318551,,5.0,323.0
1814,Iowa,05-18-2020,14955,355,7324.0,7276.0,473.998992098432,103148.0,,2.373788030758944,3269.277702237985,,4.0,304.0
1864,Iowa,05-19-2020,15296,367,8130.0,6799.0,484.8069931887408,107648.0,,2.3993200836820083,3411.9052826086267,,12.0,341.0
1914,Iowa,05-20-2020,15620,393,8362.0,6865.0,495.07617897542684,110748.0,,2.5160051216389245,3510.1598379750685,,26.0,324.0
1964,Iowa,05-21-2020,16170,410,8672.0,7088.0,512.5084387985054,116565.0,,2.5355596784168206,3694.529756867518,,17.0,550.0
2014,Iowa,05-22-2020,16492,424,9079.0,6989.0,522.7142345494711,120250.0,,2.5709434877516366,3811.3258976821444,,14.0,322.0
2064,Iowa,05-23-2020,16898,446,9254.0,7198.0,535.5824118006891,123941.0,,2.639365605397088,3928.312208603929,,22.0,406.0
2114,Iowa,05-24-2020,17251,456,9318.0,7477.0,546.7707531053194,127756.0,,2.643325024636253,4049.228701740373,,10.0,353.0
2164,Iowa,05-25-2020,17557,456,9377.0,7724.0,556.469428570523,132715.0,,2.5972546562624594,4206.40429530882,,0.0,306.0
2214,Iowa,05-26-2020,17703,477,9791.0,7435.0,561.0969011781037,135004.0,,2.6944585663446867,4278.954191190686,,21.0,146.0
2264,Iowa,05-27-2020,18369,496,10016.0,7857.0,582.2057830729588,139526.0,,2.700201426316076,4422.279061954251,,19.0,666.0
2314,Iowa,05-28-2020,18586,506,10359.0,7721.0,589.0836019486097,142933.0,,2.722479285483697,4530.263987803757,,10.0,217.0
2364,Iowa,05-29-2020,18957,524,10753.0,7680.0,600.8424535747226,147320.0,,2.764150445745635,4669.310031156203,,18.0,371.0
2414,Iowa,05-30-2020,19244,531,11019.0,7694.0,609.9389237005835,150423.0,,2.7593016004988566,4767.659671576225,,7.0,287.0
2464,Iowa,05-31-2020,19552,535,11147.0,7870.0,619.7009892015075,156296.0,,2.736292962356792,4953.804511468842,,4.0,308.0
2514,Iowa,06-01-2020,19699,555,11440.0,7704.0,624.3601568269484,159081.0,,2.8174018985735314,5042.07513620934,,20.0,147.0
2564,Iowa,06-02-2020,20019,561,11742.0,7716.0,634.502562542194,163690.0,,2.8023377791098456,5188.157473526736,,6.0,320.0
2614,Iowa,06-03-2020,20300,574,12064.0,7662.0,643.408862560894,164445.0,,2.827586206896552,5212.0872120111435,,13.0,281.0
2664,Iowa,06-04-2020,20806,583,12333.0,7890.0,659.4465415981261,174935.0,,2.802076324137268,5544.567949364039,,9.0,506.0
2714,Iowa,06-05-2020,21154,593,12585.0,7976.0,670.4764078134557,180663.0,,2.803252339982982,5726.117011666936,,10.0,348.0
2764,Iowa,06-06-2020,21478,599,12715.0,8164.0,680.745593600142,184714.0,,2.7889002700437655,5854.5135290183725,,6.0,324.0
2814,Iowa,06-07-2020,21712,605,12805.0,8302.0,688.1622277794154,188192.0,,2.7864775239498893,5964.748801135948,,6.0,234.0
2864,Iowa,06-08-2020,22007,617,13028.0,8362.0,697.5122580481574,193622.0,,2.8036533830144954,6136.852748116524,,12.0,295.0
2914,Iowa,06-09-2020,22237,626,13411.0,8200.0,704.8021121559902,197723.0,,2.8151279399199534,6266.834016360968,,9.0,230.0
2964,Iowa,06-10-2020,22626,631,13628.0,8367.0,717.1314741035858,202829.0,,2.7888270131706885,6428.668777554856,,5.0,389.0
3014,Iowa,06-11-2020,22973,640,13956.0,8377.0,728.1296453010551,208539.0,,2.7858790754363816,6609.647329536271,,9.0,347.0
3064,Iowa,06-12-2020,23350,644,14227.0,8479.0,740.0786670343289,214544.0,,2.7580299785867246,6799.975911786426,,4.0,377.0
3114,Iowa,06-13-2020,23717,650,14326.0,8741.0,751.7107385890013,219608.0,,2.7406501665472023,6960.479482230188,,6.0,367.0
3164,Iowa,06-14-2020,23926,652,14383.0,8891.0,758.334997321771,224634.0,,2.7250689626347917,7119.7786419952645,,2.0,209.0
3214,Iowa,06-15-2020,24082,658,14625.0,8799.0,763.2794201079532,227388.0,,2.7323312017274315,7207.066721182097,,6.0,156.0
3264,Iowa,06-16-2020,24179,665,15025.0,8489.0,766.3538368403871,230638.0,,2.7503205260763472,7310.075529227561,,7.0,97.0
3314,Iowa,06-17-2020,24460,675,15289.0,8496.0,775.2601368590871,235131.0,,2.75960752248569,7452.4812444731815,,10.0,281.0
3364,Iowa,06-18-2020,24861,680,15604.0,8577.0,787.9698390210042,240931.0,,2.735207755118459,7636.312348062008,,5.0,401.0
3414,Iowa,06-19-2020,25274,681,15816.0,8777.0,801.0598813972432,246649.0,,2.6944686238822504,7817.544460186304,,1.0,413.0
3464,Iowa,06-20-2020,25496,681,15963.0,8852.0,808.0961753621948,250207.0,,2.6710072168183245,7930.31533373269,,0.0,222.0
3514,Iowa,06-21-2020,25963,686,16068.0,9209.0,822.8977487028814,257152.0,,2.642221623078997,8150.437232771381,,5.0,467.0
3564,Iowa,06-22-2020,26146,686,16240.0,9220.0,828.6979369712875,258632.0,,2.623728294959076,8197.345859204392,,0.0,183.0
3614,Iowa,06-23-2020,26469,689,16579.0,9201.0,838.9354277401135,264703.0,,2.6030450715931845,8389.766312633317,,3.0,323.0
3664,Iowa,06-24-2020,26601,690,16858.0,9053.0,838.9354277401135,269959.0,,2.6030450715931845,8556.355326506227,,1.0,132.0
3714,Iowa,06-25-2020,27373,696,17017.0,9660.0,867.5877238856824,277054.0,,2.5426515179191176,8781.231478223937,,6.0,772.0
3764,Iowa,06-26-2020,27717,704,17313.0,9700.0,878.4908100295714,283643.0,,2.539957426849948,8990.069950904417,,8.0,344.0
3814,Iowa,06-27-2020,28073,704,17467.0,9902.0,889.7742363877823,289752.0,,2.5077476578919247,9183.694815012028,,0.0,356.0
3864,Iowa,06-28-2020,28520,706,17620.0,10194.0,903.941909371266,295915.0,,2.475455820476858,9379.031210084087,,2.0,447.0
3914,Iowa,06-29-2020,28845,711,17851.0,10283.0,914.2427901758124,300845.0,,2.4648985959438376,9535.28764813459,,5.0,325.0
3964,Iowa,06-30-2020,29074,716,23212.0,5146.0,921.5009492657848,304188.0,,2.46268143358327,9641.244092841049,,5.0,229.0
4014,Iowa,07-01-2020,29514,717,23607.0,5190.0,935.4467571242476,309790.0,,2.4293555600731858,9818.799582893564,,1.0,440.0
4064,Iowa,07-02-2020,30259,719,23993.0,5547.0,959.0595454300535,317538.0,,2.3761525496546483,10064.37258127395,,2.0,745.0
4114,Iowa,07-03-2020,30463,721,24338.0,5404.0,965.5253290735228,321461.0,,2.36680563306306,10188.712136339289,,2.0,204.0
4164,Iowa,07-04-2020,31061,721,24604.0,5736.0,984.4789497538884,329011.0,,2.3212388525804064,10428.009521183365,,0.0,598.0
4214,Iowa,07-05-2020,31517,721,24739.0,6057.0,998.9318778981133,332472.0,,2.2876542818161627,10537.70597799732,,0.0,456.0
4264,Iowa,07-06-2020,31758,723,25121.0,5914.0,1006.5703772024077,335462.0,,2.2765917249197054,10632.474081399145,,2.0,241.0
4314,Iowa,07-07-2020,32153,732,25594.0,5827.0,1019.089909257164,339298.0,,2.276614934842783,10754.056169910651,,9.0,395.0
4364,Iowa,07-08-2020,32624,736,25974.0,5914.0,1034.0182626692908,346351.0,,2.2560078469838154,10977.601130878238,,4.0,471.0
4414,Iowa,07-09-2020,33254,741,26340.0,6173.0,1053.986123921181,354659.0,,2.2283033620015638,11240.923339260302,,5.0,630.0
4464,Iowa,07-10-2020,34172,743,25891.0,7538.0,1083.0821503167917,362248.0,,2.1742947442350458,11481.456829800924,,2.0,918.0
4514,Iowa,07-11-2020,34658,748,26104.0,7806.0,1098.485928996821,368361.0,,2.1582318656587223,11675.208473979976,,5.0,486.0
4564,Iowa,07-12-2020,35410,752,26234.0,8424.0,1122.320582427648,374413.0,,2.123693871787631,11867.02672206956,,4.0,752.0
4614,Iowa,07-13-2020,35631,755,26664.0,8212.0,1129.3251813747395,376716.0,,2.11894137127782,11940.020348201464,,3.0,221.0
4664,Iowa,07-14-2020,35866,757,26952.0,8157.0,1136.7735105718734,380408.0,,2.1106340266547705,12057.038354141108,,2.0,235.0
4714,Iowa,07-15-2020,36536,777,27177.0,8582.0,1158.0091725381687,387312.0,,2.126669586161594,12275.860757447537,,20.0,670.0
4764,Iowa,07-16-2020,37350,781,27404.0,9165.0,1183.8089170763249,396451.0,,2.0910307898259703,12565.52152567138,,4.0,814.0
4814,Iowa,07-17-2020,37903,785,27609.0,9509.0,1201.3362619529835,402453.0,,2.071076168113342,12755.755022867957,,4.0,553.0
4864,Iowa,07-18-2020,38313,789,27820.0,9704.0,1214.3312192756418,403729.0,,2.05935322214392,12796.197865657496,,4.0,410.0
4914,Iowa,07-19-2020,38813,793,27894.0,10126.0,1230.1787282057132,415491.0,,2.0431298791641974,13168.994665728496,,4.0,500.0
4964,Iowa,07-20-2020,39343,798,28024.0,10521.0,1246.9770876715888,418544.0,,2.02831507510866,13265.759555255509,,5.0,530.0
5014,Iowa,07-21-2020,39721,806,28388.0,10527.0,1258.9578044227228,422433.0,,2.0291533445784347,13389.021479713603,,8.0,378.0
5064,Iowa,07-22-2020,40208,814,28607.0,10787.0,1274.3932781206122,426436.0,,2.0244727417429367,13515.896636207757,,8.0,487.0
5114,Iowa,07-23-2020,40796,820,28924.0,11052.0,1293.029948622376,436286.0,,2.0100009804882832,13828.09256213016,,6.0,588.0
5164,Iowa,07-24-2020,41434,826,29216.0,11392.0,1313.251370017147,441873.0,,1.993531882029252,14005.172626914775,,6.0,638.0
5214,Iowa,07-25-2020,41886,826,29477.0,11583.0,1327.5775180899311,446263.0,,1.9720192904550449,14144.313755320802,,0.0,452.0
5264,Iowa,07-26-2020,42357,829,29625.0,11903.0,1342.5058715020587,450599.0,,1.9571735486460324,14281.74335276238,,3.0,471.0
5314,Iowa,07-27-2020,42696,836,29873.0,11987.0,1353.2504825566468,454845.0,,1.9580288551620761,14416.320398596543,,7.0,339.0
5364,Iowa,07-28-2020,42928,839,30623.0,11466.0,1360.6037267002,457435.0,,1.954435333581812,14498.410494854314,,3.0,232.0
5414,Iowa,07-29-2020,43623,854,31246.0,11523.0,1382.631764112999,462712.0,,1.957682873713408,14665.665104102287,,15.0,695.0
5464,Iowa,07-30-2020,44285,865,31835.0,11585.0,1403.6138659364135,469098.0,,1.9532573106017843,14868.069488157156,,11.0,662.0
5514,Iowa,07-31-2020,44753,872,32578.0,11303.0,1418.4471342949607,474412.0,,1.948472728085268,15036.496813065954,,7.0,468.0
5564,Iowa,08-01-2020,45293,874,32819.0,11600.0,1435.5624439394373,478970.0,,1.929658004548164,15180.962704472482,,2.0,540.0
5614,Iowa,08-02-2020,45723,878,32952.0,11893.0,1449.1913016192984,484118.0,,1.9202589506375347,15344.128656416498,,4.0,430.0
5664,Iowa,08-03-2020,45905,884,33219.0,11802.0,1454.9597948698445,486475.0,,1.925716152924518,15418.833813512854,,6.0,182.0
5714,Iowa,08-04-2020,46231,888,34023.0,11320.0,1465.2923706922504,490371.0,,1.9207890809197288,15542.31760309597,,4.0,326.0
5764,Iowa,08-05-2020,46836,900,34733.0,11203.0,1484.467856497637,496428.0,,1.9215987701767872,15734.29432627485,,12.0,605.0
5814,Iowa,08-06-2020,47559,912,35548.0,11099.0,1507.3833544105207,503120.0,,1.917618116444837,15946.397385794931,,12.0,723.0
5864,Iowa,08-07-2020,48040,915,36322.0,10803.0,1522.6286580012488,508700.0,,1.90466278101582,16123.255585454524,,3.0,481.0
5914,Iowa,08-08-2020,48535,927,36882.0,10726.0,1538.3176918420193,513547.0,,1.9099618831770888,16276.881337022633,,12.0,495.0
5964,Iowa,08-09-2020,48919,931,37096.0,10892.0,1550.488578700314,518810.0,,1.903146016885055,16443.692216020565,,4.0,384.0
6014,Iowa,08-10-2020,49165,934,37317.0,10914.0,1558.2855530939096,521387.0,,1.8997254144208282,16525.37027704615,,3.0,246.0
6064,Iowa,08-11-2020,49521,946,38033.0,10542.0,1569.56897945212,523920.0,,1.910300680519376,16605.65375728589,,12.0,356.0
6114,Iowa,08-12-2020,49973,953,38657.0,10363.0,1583.8951275249044,528148.0,,1.9070297960898883,16739.660292798573,,7.0,452.0
6164,Iowa,08-13-2020,50373,960,39320.0,10093.0,1596.5731346689608,534813.0,,1.905782859865404,16950.907586836423,,7.0,400.0
6214,Iowa,08-14-2020,51247,970,39879.0,10398.0,1624.2745802787258,540237.0,,1.8927937245107032,17122.821363709838,,10.0,874.0
6264,Iowa,08-15-2020,52065,975,40381.0,10709.0,1650.2011048883226,546074.0,,1.8726591760299625,17307.825182959492,,5.0,818.0
6314,Iowa,08-16-2020,52447,975,40525.0,10947.0,1662.3086017108972,551193.0,,1.859019581672927,17470.07197938556,,0.0,382.0
6364,Iowa,08-17-2020,52829,987,40788.0,11054.0,1674.4160985334713,553984.0,,1.8682920365708229,17558.53277423322,,12.0,382.0
6414,Iowa,08-18-2020,53201,1002,41565.0,10634.0,1686.206645,557098.0,,1.883423244,17657.23106,,15.0,372.0
6464,Iowa,08-19-2020,53523,1010,41837.0,10676.0,1696.4124409284107,562322.0,,1.8870392167853072,17822.805833151087,,8.0,322.0
6514,Iowa,08-20-2020,54533,1016,42372.0,11145.0,1728.4244089671545,568191.0,,1.8630920726899307,18008.823892972265,,6.0,1010.0
6564,Iowa,08-21-2020,55331,1029,42912.0,11390.0,1753.7170332195487,573139.0,,1.8597169760170609,18165.65084134425,,13.0,798.0
6614,Iowa,08-22-2020,55996,1033,43383.0,11580.0,1774.7942200965424,578355.0,,1.844774626759054,18330.972054502752,,4.0,665.0
6664,Iowa,08-23-2020,56446,1037,43493.0,11916.0,1789.0569781336071,581976.0,,1.8371540941785067,18445.739714174328,,4.0,450.0
6714,Iowa,08-24-2020,56909,1047,43738.0,12124.0,1803.7317714028527,584098.0,,1.83977929677204,18512.99654207355,,10.0,463.0
6764,Iowa,08-25-2020,57606,1059,44396.0,12151.0,1825.8231988513726,587743.0,,1.8383501718570985,18628.52488217377,,12.0,697.0
6814,Iowa,08-26-2020,58807,1071,44903.0,12833.0,1863.888915301404,593808.0,,1.8212117605047016,18820.75516549553,,12.0,1201.0
6864,Iowa,08-27-2020,61488,1091,45447.0,14950.0,1948.863258184446,601643.0,,1.7743299505594587,19069.085630429752,,20.0,2681.0
6914,Iowa,08-28-2020,62828,1108,45977.0,15743.0,1991.3345821170367,607159.0,,1.763544916279366,19243.9153489463,,17.0,1340.0
6964,Iowa,08-29-2020,63612,1100,46409.0,16103.0,2016.1834761193888,612579.0,,1.7292334779601333,19415.702345748272,,-8.0,784.0
7014,Iowa,08-30-2020,64599,1113,46555.0,16931.0,2047.4664587473487,617095.0,,1.722936887567919,19558.837046404675,,13.0,987.0
7064,Iowa,08-31-2020,65139,1120,46740.0,17279.0,2064.5817683918267,620872.0,,1.7194000521960733,19678.54912886244,,7.0,540.0
