ID,Province_State,Date,Confirmed,Deaths,Recovered,Active,Incident_Rate,People_Tested,People_Hospitalized,Mortality_Rate,Testing_Rate,Hospitalization_Rate,death_diff,confirmed_diff
27,Nevada,04-12-2020,2836,112,,2724.0,94.01010443,24611.0,282.0,3.94922426,815.8260508,9.943582511,,
77,Nevada,04-13-2020,2990,114,,2876.0,99.1150254732245,25464.0,,3.812709030100335,844.1020095820031,,2.0,154.0
127,Nevada,04-14-2020,3134,126,,3008.0,103.8884581,26661.0,,4.020421187,883.7811686000001,,12.0,144.0
177,Nevada,04-15-2020,3211,131,,3080.0,106.4409186603759,27655.0,,4.07972594207412,916.7311135324496,,5.0,77.0
227,Nevada,04-16-2020,3214,137,,3077.0,106.54036517422865,28451.0,,4.262601120099564,943.1175885413749,,6.0,3.0
277,Nevada,04-17-2020,3524,142,,3382.0,116.81650493901111,29762.0,,4.029511918274688,986.5757150950196,,5.0,310.0
327,Nevada,04-18-2020,3626,151,,3475.0,120.19768641000404,30751.0,,4.164368450082737,1019.3599158284708,,9.0,102.0
377,Nevada,04-19-2020,3728,158,,3570.0,123.57886788099701,31598.0,,4.238197424892704,1047.4369815728924,,7.0,102.0
427,Nevada,04-20-2020,3830,159,,3671.0,126.96004935198994,32347.0,,4.151436031331594,1072.265461198125,,1.0,102.0
477,Nevada,04-21-2020,3937,163,,3774.0,130.50697501273746,33055.0,,4.1402082804165605,1095.73483846737,,4.0,107.0
527,Nevada,04-22-2020,4081,172,,3909.0,135.28040767766865,33888.0,,4.214653271257045,1123.3478204804792,,9.0,144.0
577,Nevada,04-23-2020,4208,195,,4013.0,139.49031009743442,34749.0,,4.63403041825095,1151.8889699562135,,23.0,127.0
627,Nevada,04-24-2020,4398,197,,4201.0,145.7885893081075,36192.0,,4.4793087767166915,1199.7227431193785,,2.0,190.0
677,Nevada,04-25-2020,4539,205,,4334.0,150.46257545918596,37208.0,,4.516413306895792,1233.4019624775044,,8.0,141.0
727,Nevada,04-26-2020,4734,206,,4528.0,156.92659885961368,38186.0,,4.351499788762146,1265.8215259934955,,1.0,195.0
777,Nevada,04-27-2020,4700,206,,4494.0,155.7995383692827,38813.0,,4.382978723404255,1286.605847388717,,0.0,-34.0
827,Nevada,04-28-2020,4821,219,,4602.0,159.81054776134297,40119.0,,4.542626011200996,1329.898229752607,,13.0,121.0
877,Nevada,04-29-2020,4934,230,100.0,4704.0,163.55636644979592,41028.0,,4.661532225374949,1360.0305234499851,,11.0,113.0
927,Nevada,04-30-2020,5053,243,158.0,4652.0,167.50107816595434,41986.0,,4.809024341975063,1391.7871102069582,,13.0,119.0
977,Nevada,05-01-2020,5248,246,182.0,4820.0,173.96510156638203,43595.0,,4.6875,1445.1235904699743,,3.0,195.0
1027,Nevada,05-02-2020,5389,255,182.0,4952.0,178.6390877174605,44387.0,,4.731861198738169,1471.3774701270959,,9.0,141.0
1077,Nevada,05-03-2020,5472,258,182.0,5032.0,181.39044126738614,45269.0,,4.714912280701754,1500.6147451997995,,3.0,83.0
1127,Nevada,05-04-2020,5630,265,185.0,5180.0,186.62795766363016,46166.0,,4.706927175843696,1530.3492528417667,,7.0,158.0
1177,Nevada,05-05-2020,5660,270,200.0,5190.0,187.62242280215747,47884.0,,4.770318021201414,1587.2989564414324,,5.0,30.0
1227,Nevada,05-06-2020,5741,289,203.0,5249.0,190.3074786761813,49275.0,,5.033966207977704,1633.4089900311499,,19.0,81.0
1277,Nevada,05-07-2020,5855,297,205.0,5353.0,194.08644620258514,51357.0,,5.072587532023912,1702.4248706449469,,8.0,114.0
1327,Nevada,05-08-2020,5920,294,205.0,5421.0,196.2411206693944,53344.0,,4.966216216216216,1768.2916116534077,,-3.0,65.0
1377,Nevada,05-09-2020,6171,313,205.0,5653.0,204.5614789950731,56111.0,,5.072111489223789,1860.0144462635792,,19.0,251.0
1427,Nevada,05-10-2020,6120,310,182.0,5628.0,202.87088825957662,58809.0,,5.065359477124184,1949.4500110551376,,-3.0,-51.0
1477,Nevada,05-11-2020,6152,312,183.0,5657.0,203.93165107400574,60084.0,,5.071521456436932,1991.714779442549,,2.0,32.0
1527,Nevada,05-12-2020,6313,321,185.0,5807.0,209.26861398410247,64075.0,,5.084745762711863,2124.011791704636,,9.0,161.0
1577,Nevada,05-13-2020,6476,331,198.0,5947.0,214.671874570101,66672.0,,5.111179740580607,2210.0993238631518,,10.0,163.0
1627,Nevada,05-14-2020,6504,333,244.0,5927.0,211.158136146351,69484.0,,5.119926199261992,2255.8597681416136,,2.0,28.0
1677,Nevada,05-15-2020,6733,343,272.0,6118.0,218.5928245192776,72146.0,,5.094311599584138,2342.2839622408733,,10.0,229.0
1727,Nevada,05-16-2020,6813,347,272.0,6194.0,221.19009556658818,73664.0,,5.093204168501394,2391.567180363592,,4.0,80.0
1777,Nevada,05-17-2020,6949,350,272.0,6327.0,225.60545634701614,80637.0,,5.03669592747158,2617.951818024801,,3.0,136.0
1827,Nevada,05-18-2020,7061,358,355.0,6348.0,229.241635813251,81832.0,,5.0701033847896895,2656.7485542940035,,8.0,112.0
1877,Nevada,05-19-2020,7096,358,334.0,6404.0,230.37794189644936,87555.0,,5.045095828635851,2842.550831840985,,0.0,35.0
1927,Nevada,05-20-2020,7388,377,336.0,6675.0,239.85798121913302,91171.0,,5.1028695181375205,2959.947483179423,,19.0,292.0
1977,Nevada,05-21-2020,7400,383,339.0,6678.0,240.24757187622964,94382.0,,5.1756756756756745,3064.1954498408522,,6.0,12.0
2027,Nevada,05-22-2020,7525,386,339.0,6800.0,244.30580788765243,99941.0,,5.129568106312292,3244.6733217408478,,3.0,125.0
2077,Nevada,05-23-2020,7526,387,359.0,6780.0,244.33827377574383,107047.0,,5.142173797501993,3475.3759225182102,,1.0,1.0
2127,Nevada,05-24-2020,7881,380,359.0,7142.0,255.86366404818455,110281.0,,4.821723131582287,3580.370604605741,,-7.0,355.0
2177,Nevada,05-25-2020,7956,394,359.0,7203.0,258.2986056550383,114731.0,,4.952237305178481,3724.8438066123917,,14.0,75.0
2227,Nevada,05-26-2020,8057,394,374.0,7289.0,261.57766035226786,123367.0,,4.8901576269082785,4005.21921616957,,0.0,101.0
2277,Nevada,05-27-2020,8150,402,401.0,7347.0,264.59698794476645,128559.0,,4.932515337423313,4173.782107140029,,8.0,93.0
2327,Nevada,05-28-2020,8248,406,406.0,7436.0,267.7786449777219,131190.0,,4.9224054316197865,4259.199858708455,,4.0,98.0
2377,Nevada,05-29-2020,8376,406,428.0,7542.0,271.93427865341886,134416.0,,4.847182425978987,4363.934813691255,,0.0,128.0
2427,Nevada,05-30-2020,8517,417,428.0,7672.0,276.51196887430376,138532.0,,4.8960901725959864,4497.564409075385,,11.0,141.0
2477,Nevada,05-31-2020,8628,417,428.0,7783.0,280.11568245244723,142560.0,,4.833101529902644,4628.3370063074735,,0.0,111.0
2527,Nevada,06-01-2020,8702,417,459.0,7826.0,282.5181581712095,146783.0,,4.7920018386577805,4765.440451717381,,0.0,74.0
2577,Nevada,06-02-2020,8858,417,464.0,7977.0,287.5828367134652,152091.0,,4.707608941070219,4937.76938570644,,0.0,156.0
2627,Nevada,06-03-2020,8951,431,501.0,8019.0,290.6021643059637,156255.0,,4.815104457602502,5072.957343718955,,14.0,93.0
2677,Nevada,06-04-2020,9129,430,512.0,8187.0,296.3810923862298,161423.0,,4.710263993865703,5240.741053375219,,-1.0,178.0
2727,Nevada,06-05-2020,9309,436,522.0,8351.0,302.2249522426786,166107.0,,4.6836394886668815,5392.811273195253,,6.0,180.0
2777,Nevada,06-06-2020,9491,437,522.0,8532.0,308.1337438753102,171771.0,,4.604362027183647,5576.698063344844,,1.0,182.0
2827,Nevada,06-07-2020,9669,438,522.0,8709.0,313.91267195557634,175697.0,,4.52994104871238,5704.159139991612,,1.0,178.0
2877,Nevada,06-08-2020,9816,442,522.0,8852.0,318.6851575050095,180003.0,,4.502852485737571,5843.957254113106,,4.0,147.0
2927,Nevada,06-09-2020,10045,446,557.0,9042.0,326.11984587793614,183589.0,,4.4400199104031834,5960.3799288088,,4.0,229.0
2977,Nevada,06-10-2020,10218,449,557.0,9212.0,331.73644451774516,187323.0,,4.394206302603249,6081.607554942021,,3.0,173.0
3027,Nevada,06-11-2020,10473,459,560.0,9454.0,340.01524598104766,193254.0,,4.38269836723002,6274.16273721201,,10.0,255.0
3077,Nevada,06-12-2020,10704,461,604.0,9639.0,347.5148661301571,199447.0,,4.306801195814649,6475.223982161942,,2.0,231.0
3127,Nevada,06-13-2020,10997,462,627.0,9908.0,357.02737134093206,204880.0,,4.201145767027371,6651.611152162423,,1.0,293.0
3177,Nevada,06-14-2020,11201,463,627.0,10111.0,363.6504125115741,210611.0,,4.133559503615748,6837.673156814136,,1.0,204.0
3227,Nevada,06-15-2020,11315,465,636.0,10214.0,367.35152375399167,216434.0,,4.109589041095891,7026.722023170255,,2.0,114.0
3277,Nevada,06-16-2020,11683,467,640.0,10576.0,379.29897057162043,222474.0,,3.9972609774886574,7222.815987242205,,2.0,368.0
3327,Nevada,06-17-2020,11854,473,640.0,10741.0,384.8506374352468,227610.0,,3.9902142736628985,7389.560788479544,,6.0,171.0
3377,Nevada,06-18-2020,12169,475,641.0,11053.0,395.0773921840323,230796.0,,3.903360999260416,7492.997107938689,,2.0,315.0
3427,Nevada,06-19-2020,12524,479,652.0,11393.0,406.602782456473,234360.0,,3.824656659214309,7608.705533096376,,4.0,355.0
3477,Nevada,06-20-2020,12976,486,652.0,11838.0,421.27736387377786,238963.0,,3.74537607891492,7758.1460159810085,,7.0,452.0
3527,Nevada,06-21-2020,13240,487,652.0,12101.0,429.8483583299028,241691.0,,3.678247734138973,7846.7129586943,,1.0,264.0
3577,Nevada,06-22-2020,13528,489,653.0,12386.0,439.19853410022085,244065.0,,3.614725014784151,7923.786977023242,,2.0,288.0
3627,Nevada,06-23-2020,13528,489,658.0,12381.0,439.19853410022085,248526.0,,3.614725014784151,8068.6173037988965,,0.0,0.0
3677,Nevada,06-24-2020,13528,489,666.0,12373.0,439.19853410022085,252387.0,,3.614725014784151,8193.968097719726,,0.0,0.0
3727,Nevada,06-25-2020,14859,495,682.0,13682.0,482.4106311498509,255550.0,,3.3313143549364024,8296.657701752769,,6.0,1331.0
3777,Nevada,06-26-2020,15240,498,684.0,14058.0,494.7801345126675,258662.0,,3.2677165354330717,8397.69154549315,,3.0,381.0
3827,Nevada,06-27-2020,16339,500,684.0,15155.0,530.4601455250968,263026.0,,3.060162800660996,8539.372681123943,,2.0,1099.0
3877,Nevada,06-28-2020,17160,500,684.0,15976.0,557.1146396481217,267580.0,,2.913752913752913,8687.222335492099,,0.0,821.0
3927,Nevada,06-29-2020,17894,504,689.0,16701.0,580.9446015071964,273017.0,,2.8165865653291604,8863.739369044944,,4.0,734.0
3977,Nevada,06-30-2020,18456,507,689.0,17260.0,599.1904306145532,277568.0,,2.747074122236671,9011.491625748826,,3.0,562.0
4027,Nevada,07-01-2020,19101,511,714.0,17876.0,620.1309284334949,284096.0,,2.6752526045756766,9223.42894320937,,4.0,645.0
4077,Nevada,07-02-2020,19733,525,727.0,18481.0,640.6493697072486,284728.0,,2.6605179141539548,9243.947384483125,,14.0,632.0
4127,Nevada,07-03-2020,20718,528,727.0,19463.0,672.6282694772602,293685.0,,2.548508543295685,9534.744344117635,,3.0,985.0
4177,Nevada,07-04-2020,21575,530,727.0,20318.0,700.4515355715747,301229.0,,2.4565469293163384,9779.667003879023,,2.0,857.0
4227,Nevada,07-05-2020,22418,534,727.0,21157.0,727.8202792326103,307697.0,,2.38201445267196,9989.656368054086,,4.0,843.0
4277,Nevada,07-06-2020,22909,537,742.0,21630.0,743.761030285479,311481.0,,2.344056920860797,10112.507288591876,,3.0,491.0
4327,Nevada,07-07-2020,23785,548,743.0,22494.0,772.2011482535298,316546.0,,2.303973092285053,10276.947011774728,,11.0,876.0
4377,Nevada,07-08-2020,24301,553,754.0,22994.0,788.9535465086833,323653.0,,2.2756265174272663,10507.682078440184,,5.0,516.0
4427,Nevada,07-09-2020,24904,571,759.0,23574.0,808.5304770277869,329778.0,,2.2928043687761,10706.5356429999,,18.0,603.0
4477,Nevada,07-10-2020,25908,579,764.0,24565.0,841.1262286715347,335491.0,,2.2348309402501156,10892.013261665968,,8.0,1004.0
4527,Nevada,07-11-2020,26838,592,764.0,25482.0,871.3195045965207,341233.0,,2.2058275579402338,11078.432391086688,,13.0,930.0
4577,Nevada,07-12-2020,27683,593,764.0,26326.0,898.7531800337385,347556.0,,2.1421088754831485,11283.714201488496,,1.0,845.0
4627,Nevada,07-13-2020,28515,593,789.0,27133.0,925.7647989257688,353193.0,,2.0796072242679293,11466.72441265962,,0.0,832.0
4677,Nevada,07-14-2020,29619,612,800.0,28207.0,961.6071393786548,360180.0,,2.06624126405348,11693.563572754108,,19.0,1104.0
4727,Nevada,07-15-2020,30468,618,826.0,29024.0,989.1706783682383,364425.0,,2.0283576211106733,11831.381267702023,,6.0,849.0
4777,Nevada,07-16-2020,31915,626,834.0,30455.0,1036.148818436469,370843.0,,1.9614601284662383,12039.747337472518,,8.0,1447.0
4827,Nevada,07-17-2020,33295,637,842.0,31816.0,1080.9517440025766,377007.0,,1.9132001802072385,12239.8670716678,,11.0,1380.0
4877,Nevada,07-18-2020,34477,646,842.0,32989.0,1119.3264237265905,382537.0,,1.8737129100559795,12419.403432813144,,9.0,1182.0
4927,Nevada,07-19-2020,35765,647,842.0,34276.0,1161.142487588291,389788.0,,1.8090311757304633,12654.813587363755,,1.0,1288.0
4977,Nevada,07-20-2020,36713,648,867.0,35198.0,1191.9201494989215,395421.0,,1.765042355568872,12837.693934982512,,1.0,948.0
5027,Nevada,07-21-2020,37528,676,874.0,35978.0,1218.379848293398,398822.0,,1.8013216798124068,12948.110420381303,,28.0,815.0
5077,Nevada,07-22-2020,38657,704,917.0,37036.0,1255.0338359485688,404308.0,,1.8211449414077656,13126.218282450627,,28.0,1129.0
5127,Nevada,07-23-2020,39919,709,975.0,38235.0,1296.0057867198934,414136.0,,1.7760965956061023,13445.293030612736,,5.0,1262.0
5177,Nevada,07-24-2020,40885,722,994.0,39169.0,1327.367834616169,421871.0,,1.7659288247523541,13696.416674999578,,13.0,966.0
5227,Nevada,07-25-2020,41816,732,994.0,40090.0,1357.5935764292458,430521.0,,1.7505261144059692,13977.246606990037,,10.0,931.0
5277,Nevada,07-26-2020,42843,734,994.0,41115.0,1390.9360434990954,438931.0,,1.7132320332376352,14250.28472583856,,2.0,1027.0
5327,Nevada,07-27-2020,43831,739,1019.0,42073.0,1423.0123409333814,444679.0,,1.6860213091191163,14436.898650587827,,5.0,988.0
5377,Nevada,07-28-2020,44936,759,1054.0,43123.0,1458.8871472743588,450886.0,,1.68906889798825,14638.414417971038,,20.0,1105.0
5427,Nevada,07-29-2020,45806,780,1061.0,43965.0,1487.1324699138613,457385.0,,1.7028336899096188,14849.41022467693,,21.0,870.0
5477,Nevada,07-30-2020,46824,801,1085.0,44938.0,1520.1827439908884,463645.0,,1.7106611993849308,15052.646684128988,,21.0,1018.0
5527,Nevada,07-31-2020,48088,830,1127.0,46131.0,1561.219626538396,469903.0,,1.7260023290633837,15255.818211804855,,29.0,1264.0
5577,Nevada,08-01-2020,49074,832,1127.0,47115.0,1593.230992196499,474220.0,,1.6953987855076007,15395.973450695354,,2.0,986.0
5627,Nevada,08-02-2020,50205,832,1127.0,48246.0,1629.9499116278525,482119.0,,1.6572054576237427,15652.421500729184,,0.0,1131.0
5677,Nevada,08-03-2020,51199,847,1158.0,49194.0,1662.2210043906866,484866.0,,1.6543291861169165,15741.605295316209,,15.0,994.0
5727,Nevada,08-04-2020,52179,862,1209.0,50108.0,1694.0375747202413,489087.0,,1.6520055961210451,15878.643808949937,,15.0,980.0
5777,Nevada,08-05-2020,52828,890,1234.0,50704.0,1715.1079360915487,491117.0,,1.6847126523813132,15944.549561775442,,28.0,649.0
5827,Nevada,08-06-2020,53557,900,1251.0,51406.0,1738.7755685101665,500195.0,,1.6804526019007786,16239.274893869011,,10.0,729.0
5877,Nevada,08-07-2020,54533,920,1297.0,52316.0,1770.4622752873556,506998.0,,1.6870518768452132,16460.140330554685,,20.0,976.0
5927,Nevada,08-08-2020,55419,949,1297.0,53173.0,1799.2270521363205,513019.0,,1.7124091015716632,16655.6174427529,,29.0,886.0
5977,Nevada,08-09-2020,56230,957,1297.0,53976.0,1825.5568873784314,517604.0,,1.7019384670104933,16804.473539651888,,8.0,811.0
6027,Nevada,08-10-2020,56972,963,1326.0,54683.0,1849.6465763422373,522192.0,,1.6903040089868708,16953.42703421515,,6.0,742.0
6077,Nevada,08-11-2020,57520,981,1361.0,55178.0,1867.4378830163148,524749.0,,1.7054937413073714,17036.442310064816,,18.0,548.0
6127,Nevada,08-12-2020,58048,996,1385.0,55667.0,1884.5798719285647,527535.0,,1.7158213891951488,17126.892274287406,,15.0,528.0
6177,Nevada,08-13-2020,58650,1030,1393.0,56227.0,1904.124336559577,533144.0,,1.7561807331628303,17308.993440591967,,34.0,602.0
6227,Nevada,08-14-2020,59749,1045,1423.0,57281.0,1939.804347572006,538204.0,,1.7489832465815327,17473.270834334366,,15.0,1099.0
6277,Nevada,08-15-2020,60608,1069,1423.0,58116.0,1967.692545442504,542850.0,,1.7637935586061246,17624.107350406928,,24.0,859.0
6327,Nevada,08-16-2020,61305,1072,1423.0,58810.0,1990.321269442197,547463.0,,1.7486338797814207,17773.872492172475,,3.0,697.0
6377,Nevada,08-17-2020,61967,1077,1498.0,59392.0,2011.8136873586927,551423.0,,1.7380218503396967,17902.43740901435,,5.0,662.0
6427,Nevada,08-18-2020,62639,1102,1518.0,60019.0,2033.630764,553928.0,,1.759287345,17983.76446,,25.0,672.0
6477,Nevada,08-19-2020,63028,1134,1540.0,60354.0,2046.259994623649,556526.0,,1.7992003553976008,18068.11083594468,,32.0,389.0
6527,Nevada,08-20-2020,63584,1172,1567.0,60845.0,2064.3110284024574,560963.0,,1.843231001509814,18212.161981406134,,38.0,556.0
6577,Nevada,08-21-2020,64433,1185,1599.0,61649.0,2091.874567392041,566311.0,,1.839119705740847,18385.78955091885,,13.0,849.0
6627,Nevada,08-22-2020,65069,1197,1599.0,62273.0,2112.5228722181605,570126.0,,1.839585670595829,18509.646913987468,,12.0,636.0
6677,Nevada,08-23-2020,65601,1197,1599.0,62805.0,2129.7947246827757,574229.0,,1.8246673069008088,18642.85445282641,,0.0,532.0
6727,Nevada,08-24-2020,66010,1200,1611.0,63199.0,2143.0732729121514,576677.0,,1.8179063778215423,18722.330946874117,,3.0,409.0
6777,Nevada,08-25-2020,66413,1230,1672.0,63511.0,2156.1570258129777,579282.0,,1.852047038983332,18806.904585352167,,30.0,403.0
6827,Nevada,08-26-2020,66666,1250,1705.0,63711.0,2164.370895500098,581155.0,,1.875018750187502,18867.71319374733,,20.0,253.0
6877,Nevada,08-27-2020,67220,1271,1718.0,64231.0,2182.356997502724,584232.0,,1.8908063076465336,18967.610731404515,,21.0,554.0
6927,Nevada,08-28-2020,67852,1287,1725.0,64840.0,2202.8754387764775,588551.0,,1.8967753345516718,19107.8309020712,,16.0,632.0
6977,Nevada,08-29-2020,68461,1302,1725.0,65434.0,2222.6471646241293,592521.0,,1.9018127108864904,19236.72047779398,,15.0,609.0
7027,Nevada,08-30-2020,68908,1302,1725.0,65881.0,2237.159416600977,595685.0,,1.8894758228362447,19339.44254771512,,0.0,447.0
7077,Nevada,08-31-2020,69228,1305,1773.0,66150.0,2247.54850079022,597921.0,,1.8850754030161208,19412.036273487447,,3.0,320.0
