ID,Province_State,Date,Confirmed,Deaths,Recovered,Active,Incident_Rate,People_Tested,People_Hospitalized,Mortality_Rate,Testing_Rate,Hospitalization_Rate,death_diff,confirmed_diff
32,North Carolina,04-12-2020,4570,89,,4481.0,46.07841902,62139.0,331.0,1.947483589,626.5354222,7.242888402999999,,
82,North Carolina,04-13-2020,4886,94,,4792.0,49.264585407660405,63388.0,313.0,1.9238641015145312,639.1288456448584,6.406058125255831,5.0,316.0
132,North Carolina,04-14-2020,5113,112,,5001.0,51.55338215,65039.0,418.0,2.190494817,655.7755568,8.175239585,18.0,227.0
182,North Carolina,04-15-2020,5340,130,,5210.0,53.842178894168356,67827.0,431.0,2.4344569288389515,683.8864172012654,8.071161048689138,18.0,227.0
232,North Carolina,04-16-2020,5639,150,,5489.0,56.85693760004033,70917.0,452.0,2.6600461074658632,715.0422847636212,8.015605603830467,20.0,299.0
282,North Carolina,04-17-2020,6045,177,,5868.0,60.950556444802935,72981.0,429.0,2.9280397022332507,735.8531943586706,7.096774193548387,27.0,406.0
332,North Carolina,04-18-2020,6328,187,,6141.0,63.803990270093145,76211.0,388.0,2.9551201011378003,768.420654626117,6.131479140328697,10.0,283.0
382,North Carolina,04-19-2020,6601,200,,6401.0,66.55659604501972,78772.0,465.0,3.0298439630359035,794.2427183242378,7.044387214058478,13.0,273.0
432,North Carolina,04-20-2020,6895,218,,6677.0,69.52094072570989,79484.0,373.0,3.161711385061639,801.4216755101268,5.409717186366931,18.0,294.0
482,North Carolina,04-21-2020,7134,245,,6889.0,71.9307311294002,83331.0,427.0,3.4342584805158403,840.2102264850081,5.985421923184749,27.0,239.0
532,North Carolina,04-22-2020,7495,265,,7230.0,75.57062374752655,90336.0,434.0,3.535690460306871,910.8402757647176,5.790527018012008,20.0,361.0
582,North Carolina,04-23-2020,7820,281,,7539.0,78.84753538434394,96185.0,486.0,3.5933503836317136,969.8146024223939,6.2148337595907925,16.0,325.0
632,North Carolina,04-24-2020,8290,294,,7996.0,83.58645375143365,100584.0,477.0,3.5464414957780463,1014.1688617773464,5.753920386007238,13.0,470.0
682,North Carolina,04-25-2020,8768,305,,8463.0,88.40603455881426,105265.0,456.0,3.478558394160584,1061.366472152553,5.200729927007299,11.0,478.0
732,North Carolina,04-26-2020,8997,324,,8673.0,90.71499691214096,107894.0,451.0,3.601200400133378,1087.8741665931461,5.012782038457264,19.0,229.0
782,North Carolina,04-27-2020,9321,340,,8981.0,95.06068588281259,109920.0,473.0,3.6062791684344506,1108.3019295968138,5.016970725498515,16.0,324.0
832,North Carolina,04-28-2020,9755,363,,9392.0,98.35776312970268,112752.0,,3.7211686314710404,1136.8564334597886,,23.0,434.0
882,North Carolina,04-29-2020,10180,382,,9798.0,102.64295527015615,118440.0,,3.7524557956777995,1194.2074285066105,,19.0,425.0
932,North Carolina,04-30-2020,10754,406,0.0,10348.0,108.43048536102744,128036.0,,3.775339408592152,1290.9620256355315,,24.0,574.0
982,North Carolina,05-01-2020,11070,419,0.0,10651.0,111.61665175251757,133832.0,,3.7850045167118336,1349.4019636262808,,13.0,316.0
1032,North Carolina,05-02-2020,11588,431,0.0,11157.0,116.8395447613526,139475.0,,3.719364860200207,1406.2992324464667,,12.0,518.0
1082,North Carolina,05-03-2020,11770,434,0.0,11336.0,118.67461527797032,143835.0,,3.687340696686491,1450.260262405001,,3.0,182.0
1132,North Carolina,05-04-2020,11971,442,0.0,11529.0,120.70125909027892,146439.0,,3.692256286024559,1476.5158867196853,,8.0,201.0
1182,North Carolina,05-05-2020,12510,472,,12038.0,126.13589100487756,151800.0,,3.772981614708233,1530.5698045196173,,30.0,539.0
1232,North Carolina,05-06-2020,13053,492,,12561.0,131.61085413962164,164482.0,,3.7692484486324975,1658.4399379907488,,20.0,543.0
1282,North Carolina,05-07-2020,13540,513,,13027.0,136.5211801923295,171328.0,,3.78877400295421,1727.4668212696772,,21.0,487.0
1332,North Carolina,05-08-2020,14006,530,,13476.0,141.21976733927374,178613.0,,3.7840925317720977,1800.920055959568,,17.0,466.0
1382,North Carolina,05-09-2020,14478,551,,13927.0,145.97885131643622,186362.0,,3.8057742782152233,1879.0517121863306,,21.0,472.0
1432,North Carolina,05-10-2020,14938,564,,14374.0,150.61694163316238,192135.0,,3.7756058374615074,1937.259745661243,,13.0,460.0
1482,North Carolina,05-11-2020,15274,575,9115.0,5584.0,154.0047641253797,195865.0,,3.7645672384444153,1974.8686084468695,,11.0,336.0
1532,North Carolina,05-12-2020,15622,600,9115.0,5907.0,157.51358027803334,202244.0,,3.840737421584944,2039.1868217738167,,25.0,348.0
1582,North Carolina,05-13-2020,16352,625,9115.0,6612.0,164.87402795457697,210457.0,,3.8221624266144816,2121.9968995374506,,25.0,730.0
1632,North Carolina,05-14-2020,16968,641,9115.0,7212.0,161.78360127550462,219268.0,,3.7776991984912778,2090.6392435453413,,16.0,616.0
1682,North Carolina,05-15-2020,17494,667,9115.0,7712.0,166.7988166380056,231547.0,,3.812735795129759,2207.714964906841,,26.0,526.0
1732,North Carolina,05-16-2020,18130,676,9115.0,8339.0,172.86284129684697,238586.0,,3.7286265857694434,2274.829225242666,,9.0,636.0
1782,North Carolina,05-17-2020,18673,686,9115.0,8872.0,178.0401453687823,248944.0,,3.67375354790339,2373.588922438073,,10.0,543.0
1832,North Carolina,05-18-2020,19207,693,11637.0,6877.0,183.13163777101715,255755.0,,3.60805956161816,2438.529287141484,,7.0,534.0
1882,North Carolina,05-19-2020,19239,693,11637.0,6909.0,183.4367459299525,265008.0,,3.602058319039452,2526.7532182236528,,0.0,32.0
1932,North Carolina,05-20-2020,20262,726,11637.0,7899.0,193.19067238591907,277603.0,,3.5830618892508137,2646.8418826546394,,33.0,1023.0
1982,North Carolina,05-21-2020,20512,728,11637.0,8147.0,195.57432987760205,290645.0,,3.549141965678627,2771.192526680755,,2.0,250.0
2032,North Carolina,05-22-2020,22110,775,11637.0,9698.0,210.81066856443942,303224.0,,3.5052012663952965,2891.128637032274,,47.0,1598.0
2082,North Carolina,05-23-2020,22864,778,11637.0,10449.0,217.9997795593552,329582.0,,3.4027291812456264,3142.44241369539,,3.0,754.0
2132,North Carolina,05-24-2020,23365,784,11637.0,10944.0,222.7766291726878,336656.0,,3.355446180184036,3209.8903860800506,,6.0,501.0
2182,North Carolina,05-25-2020,24057,790,14954.0,8313.0,229.37459310966614,344690.0,,3.283867481398345,3286.491603232773,,6.0,692.0
2232,North Carolina,05-26-2020,24455,801,14954.0,8700.0,233.16937583642544,352331.0,,3.275403802903292,3359.3457108085718,,11.0,398.0
2282,North Carolina,05-27-2020,24916,844,14954.0,9118.0,237.56484025108875,364156.0,,3.3873816021833365,3472.092710165174,,43.0,461.0
2332,North Carolina,05-28-2020,25800,876,14954.0,9970.0,245.99345314167962,375192.0,,3.3953488372093017,3577.316886478026,,32.0,884.0
2382,North Carolina,05-29-2020,26885,919,14954.0,11012.0,256.3385266555836,391231.0,,3.418262971917426,3730.2428165144374,,43.0,1085.0
2432,North Carolina,05-30-2020,27794,929,14954.0,11911.0,265.0055052953428,404157.0,,3.3424480103619487,3853.487443464412,,10.0,909.0
2482,North Carolina,05-31-2020,28785,937,14954.0,12894.0,274.45432359237395,416289.0,,3.2551676220253603,3969.1615742208014,,8.0,991.0
2532,North Carolina,06-01-2020,29592,948,18860.0,9784.0,282.1487699755265,421908.0,,3.203568532035685,4022.736660003867,,11.0,807.0
2582,North Carolina,06-02-2020,30023,961,18860.0,10202.0,286.25819549118785,434921.0,,3.200879325850181,4146.810799760948,,13.0,431.0
2632,North Carolina,06-03-2020,31276,999,18860.0,11417.0,298.2050868395028,449263.0,,3.1941424734620805,4283.556462743814,,38.0,1253.0
2682,North Carolina,06-04-2020,32075,1006,18860.0,12209.0,305.8232561829215,468302.0,,3.136399064692128,4465.086282680421,,7.0,799.0
2732,North Carolina,06-05-2020,33295,1015,18860.0,13420.0,317.45550474233426,482147.0,,3.0485057816488963,4597.093234569822,,9.0,1220.0
2782,North Carolina,06-06-2020,34718,1028,18860.0,14830.0,331.02328318499355,497350.0,,2.961000057607005,4742.0482139540445,,13.0,1423.0
2832,North Carolina,06-07-2020,35625,1032,18860.0,15733.0,339.67119256481925,511226.0,,2.896842105263158,4874.350739372416,,4.0,907.0
2882,North Carolina,06-08-2020,36517,1041,23653.0,11823.0,348.176082495144,520113.0,,2.850727058630227,4959.08499588676,,9.0,892.0
2932,North Carolina,06-09-2020,37227,1068,23653.0,12506.0,354.94566977152357,535711.0,,2.8688854863405586,5107.806154107843,,27.0,710.0
2982,North Carolina,06-10-2020,38473,1090,23653.0,13730.0,366.8258187100714,553650.0,,2.833155719595561,5278.847881081044,,22.0,1246.0
3032,North Carolina,06-11-2020,39584,1106,23653.0,14825.0,377.4187926031104,572677.0,,2.7940582053354897,5460.26328545805,,16.0,1111.0
3082,North Carolina,06-12-2020,41417,1121,23653.0,16643.0,394.89576933212965,595697.0,,2.7066180553878842,5679.750467292216,,15.0,1833.0
3132,North Carolina,06-13-2020,42845,1127,23653.0,18065.0,408.51122092462265,611690.0,,2.6304119500525154,5832.237804350158,,6.0,1428.0
3182,North Carolina,06-14-2020,44264,1132,23653.0,19479.0,422.04086084741516,627130.0,,2.5573829748780046,5979.452491036494,,5.0,1419.0
3232,North Carolina,06-15-2020,45114,1140,29219.0,14755.0,430.14529631913706,638479.0,,2.526931772842133,6087.661006528933,,8.0,850.0
3282,North Carolina,06-16-2020,45907,1169,29219.0,15519.0,437.70625788275527,651421.0,,2.5464526107129632,6211.058187558377,,29.0,793.0
3332,North Carolina,06-17-2020,46934,1181,29219.0,16534.0,447.4983228585888,667422.0,,2.516299484382324,6363.621801656051,,12.0,1027.0
3382,North Carolina,06-18-2020,48167,1188,29219.0,17760.0,459.25452160756913,693678.0,,2.4705711379160005,6613.9630460625585,,7.0,1233.0
3432,North Carolina,06-19-2020,49785,1202,29219.0,19364.0,459.25452160756913,712313.0,,2.4705711379160005,6791.640875492608,,14.0,1618.0
3482,North Carolina,06-20-2020,51390,1215,29219.0,20956.0,489.9846339903456,731341.0,,2.3642732049036783,6973.065814499579,,13.0,1605.0
3532,North Carolina,06-21-2020,52801,1223,29219.0,22359.0,489.9846339903456,745775.0,,2.3642732049036783,7110.688663439385,,8.0,1411.0
3582,North Carolina,06-22-2020,53964,1278,36921.0,15765.0,514.5267715247132,757345.0,,2.3682454969979987,7221.004332154472,,55.0,1163.0
3632,North Carolina,06-23-2020,54639,1296,36921.0,16422.0,520.9626467522571,773828.0,,2.3719321363860977,7378.163637896111,,18.0,675.0
3682,North Carolina,06-24-2020,56527,1325,36921.0,18281.0,538.9640281294467,791285.0,,2.344012595750703,7544.609673225348,,29.0,1888.0
3732,North Carolina,06-25-2020,57472,1336,36921.0,19215.0,547.9742534480082,811278.0,,2.324610244988864,7735.235530150218,,11.0,945.0
3782,North Carolina,06-26-2020,59158,1348,36921.0,20889.0,564.0496395719181,836725.0,,2.278643632306704,7977.8632589136405,,12.0,1686.0
3832,North Carolina,06-27-2020,60812,1353,36921.0,22538.0,579.8199175368924,855131.0,,2.2248898243767683,8153.357658081302,,5.0,1654.0
3882,North Carolina,06-28-2020,62248,1352,36921.0,23975.0,593.5116461691192,871905.0,,2.1719573319624725,8313.291541143262,,-1.0,1436.0
3932,North Carolina,06-29-2020,63736,1357,45538.0,16841.0,607.699175559616,886305.0,,2.129095016944898,8450.590212664201,,5.0,1488.0
3982,North Carolina,06-30-2020,65327,1380,45538.0,18409.0,622.8687718366863,910033.0,,2.112449676244126,8676.827912514813,,23.0,1591.0
4032,North Carolina,07-01-2020,66751,1398,45538.0,19815.0,636.4460849093123,942238.0,,2.094350646432263,8983.890670593408,,18.0,1424.0
4082,North Carolina,07-02-2020,68216,1409,45538.0,21269.0,650.4143178105743,971120.0,,2.065497830421016,9259.269853292557,,11.0,1465.0
4132,North Carolina,07-03-2020,70262,1419,45538.0,23305.0,669.9221707225075,999293.0,,2.019583843329253,9527.88898334529,,10.0,2046.0
4182,North Carolina,07-04-2020,71670,1422,45538.0,24710.0,683.3469297156659,1018296.0,,1.9840937630807869,9709.075556603091,,3.0,1408.0
4232,North Carolina,07-05-2020,72992,1423,45538.0,26031.0,695.9517105316852,1036838.0,,1.9495287154756689,9885.866665446234,,1.0,1322.0
4282,North Carolina,07-06-2020,74775,1432,55318.0,18025.0,712.951955762368,1051846.0,,1.9150785690404544,10028.962391986945,,9.0,1783.0
4332,North Carolina,07-07-2020,76290,1446,55318.0,19526.0,727.3969201619667,1071290.0,,1.8953991348800632,10214.353737060075,,14.0,1515.0
4382,North Carolina,07-08-2020,77687,1462,55318.0,20907.0,740.7167982254912,1096682.0,,1.8819107443973893,10456.45706117533,,16.0,1397.0
4432,North Carolina,07-09-2020,79656,1477,55318.0,22861.0,759.4904846299858,1121811.0,,1.8542231595862209,10696.052777609333,,15.0,1969.0
4482,North Carolina,07-10-2020,82032,1497,55318.0,25217.0,782.1447654309405,1150612.0,,1.82489760093622,10970.659655281175,,20.0,2376.0
4532,North Carolina,07-11-2020,83906,1513,55318.0,27075.0,800.0126619885957,1176058.0,,1.8032083522036564,11213.277849414631,,16.0,1874.0
4582,North Carolina,07-12-2020,85771,1522,55318.0,28931.0,817.7947468765506,1199575.0,,1.7744925440999872,11437.503742342264,,9.0,1865.0
4632,North Carolina,07-13-2020,87669,1529,67124.0,19016.0,835.8914745534074,1220486.0,,1.7440600440292464,11636.882389576593,,7.0,1898.0
4682,North Carolina,07-14-2020,90000,1571,67124.0,21305.0,858.1166970058592,1254846.0,,1.7455555555555555,11964.492275233491,,42.0,2331.0
4732,North Carolina,07-15-2020,91837,1589,67124.0,23124.0,875.6318122547455,1284637.0,,1.7302394459749342,12248.5384365724,,18.0,1837.0
4782,North Carolina,07-16-2020,93708,1607,67124.0,24977.0,893.4711049225008,1312757.0,,1.7149016092542793,12516.652231236896,,18.0,1871.0
4832,North Carolina,07-17-2020,95570,1623,67124.0,26823.0,911.2245859205552,1343974.0,,1.698231662655645,12814.294774908365,,16.0,1862.0
4882,North Carolina,07-18-2020,98092,1648,67124.0,29320.0,935.2709226966526,1379143.0,,1.6800554581413367,13149.618176208352,,25.0,2522.0
4932,North Carolina,07-19-2020,99803,1652,67124.0,31027.0,951.5846745697307,1394864.0,,1.6552608639018866,13299.512093915342,,4.0,1711.0
4982,North Carolina,07-20-2020,101231,1677,78707.0,20847.0,965.2001261622237,1423888.0,,1.6566071657891357,13576.245194069763,,25.0,1428.0
5032,North Carolina,07-21-2020,103216,1705,78707.0,22804.0,984.1263666461864,1458997.0,,1.6518756781894282,13910.996517571753,,28.0,1985.0
5082,North Carolina,07-22-2020,105276,1732,78707.0,24837.0,1003.7677043776537,1491820.0,,1.6451992856871462,14223.951676969788,,27.0,2060.0
5132,North Carolina,07-23-2020,107125,1756,78707.0,26662.0,1021.3972351861407,1523675.0,,1.6392065344224038,14527.677314560031,,24.0,1849.0
5182,North Carolina,07-24-2020,109728,1789,78707.0,29232.0,1046.2158769895436,1550297.0,,1.6303951589384658,14781.50823353436,,33.0,2603.0
5232,North Carolina,07-25-2020,111421,1811,78707.0,30903.0,1062.3580055232203,1579042.0,,1.6253668518501898,15055.581171928066,,22.0,1693.0
5282,North Carolina,07-26-2020,112937,1817,78707.0,32413.0,1076.8125045527859,1613385.0,,1.6088615776937585,15383.028968875537,,6.0,1516.0
5332,North Carolina,07-27-2020,114916,1838,92302.0,20776.0,1095.6815372569479,1635476.0,,1.5994291482474154,15593.658479470609,,21.0,1979.0
5382,North Carolina,07-28-2020,116700,1860,92302.0,22538.0,1112.6913171175977,1663540.0,,1.5938303341902311,15861.238334856967,,22.0,1784.0
5432,North Carolina,07-29-2020,118387,1888,92302.0,24197.0,1128.776237871474,1691434.0,,1.5947696959970268,16127.197303148985,,28.0,1687.0
5482,North Carolina,07-30-2020,120532,1922,92302.0,26308.0,1149.2280191501136,1724924.0,,1.594597285368201,16446.512060734833,,34.0,2145.0
5532,North Carolina,07-31-2020,122298,1942,92302.0,28054.0,1166.066175671362,1757102.0,,1.5879245776709352,16753.317383804326,,20.0,1766.0
5582,North Carolina,08-01-2020,124006,1979,92302.0,29725.0,1182.3513236545398,1786412.0,,1.5958905214263823,17032.777388129234,,37.0,1708.0
5632,North Carolina,08-02-2020,125330,1983,92302.0,31045.0,1194.9751737304925,1813510.0,,1.5822229314609433,17291.14679096773,,4.0,1324.0
5682,North Carolina,08-03-2020,127630,2043,105093.0,20494.0,1216.9048226539758,1837410.0,,1.6007208336597978,17519.02444717262,,60.0,2300.0
5732,North Carolina,08-04-2020,128715,2061,105093.0,21561.0,1227.2498961678796,1854026.0,,1.6012119799557158,17677.451858699835,,18.0,1085.0
5782,North Carolina,08-05-2020,129733,2085,105093.0,22555.0,1236.9561494740124,1873668.0,,1.6071469865030483,17864.731060506383,,24.0,1018.0
5832,North Carolina,08-06-2020,131802,2126,105093.0,24583.0,1256.6832988751805,1904750.0,,1.6130255990045674,18161.086429132338,,41.0,2069.0
5882,North Carolina,08-07-2020,133337,2160,105093.0,26084.0,1271.3189558741142,1939812.0,,1.6199554512250909,18495.389625025888,,34.0,1535.0
5932,North Carolina,08-08-2020,134948,2184,105093.0,27671.0,1286.6792447505188,1969766.0,,1.6184011619290393,18780.989931049367,,24.0,1611.0
5982,North Carolina,08-09-2020,136346,2192,105093.0,29061.0,1300.0086574440095,1986548.0,,1.6076745925806404,18941.000091151058,,8.0,1398.0
6032,North Carolina,08-10-2020,137562,2199,105093.0,30270.0,1311.6027674835555,2001919.0,,1.5985519256771492,19087.55688836969,,7.0,1216.0
6082,North Carolina,08-11-2020,138743,2248,116969.0,19526.0,1322.8631654742658,2017498.0,,1.6202619231240496,19236.09688862141,,49.0,1181.0
6132,North Carolina,08-12-2020,139739,2280,116969.0,20490.0,1332.3596569211306,1823283.0,,1.6387694201332483,17384.3287296326,,32.0,996.0
6182,North Carolina,08-13-2020,140824,2287,116969.0,21568.0,1342.704730435035,1850689.0,,1.6240129523376696,17645.63479850085,,7.0,1085.0
6232,North Carolina,08-14-2020,142170,2313,116969.0,22888.0,1355.5383423702554,1877402.0,,1.6269255117113317,17900.333368802156,,26.0,1346.0
6282,North Carolina,08-15-2020,143704,2343,116969.0,24392.0,1370.1644647392222,1903401.0,,1.6304347826086956,18148.224213307218,,30.0,1534.0
6332,North Carolina,08-16-2020,144952,2347,116969.0,25636.0,1382.0636829377033,1924646.0,,1.6191566863513438,18350.787426950432,,4.0,1248.0
6382,North Carolina,08-17-2020,145516,2348,127749.0,15419.0,1387.4412142389401,1935472.0,,1.6135682674070206,18454.009330970268,,1.0,564.0
6432,North Carolina,08-18-2020,146779,2396,127749.0,16634.0,1399.483452,1951120.0,,1.632386104,18603.20722,,48.0,1263.0
6482,North Carolina,08-19-2020,147925,2431,127749.0,17745.0,1410.410137828797,1978094.0,,1.643400371810039,18860.39432941232,,35.0,1146.0
6532,North Carolina,08-20-2020,149904,2465,127749.0,19690.0,1429.2791705329596,2003307.0,,1.6443857402070658,19100.790954763517,,34.0,1979.0
6582,North Carolina,08-21-2020,151910,2494,127749.0,21667.0,1448.4056382462231,2030885.0,,1.6417615693502732,19363.73697998605,,29.0,2006.0
6632,North Carolina,08-22-2020,153640,2521,127749.0,23370.0,1464.9005480886692,2052118.0,,1.6408487373079927,19566.185778069663,,27.0,1730.0
6682,North Carolina,08-23-2020,155113,2531,127749.0,24833.0,1478.945058029665,2078472.0,,1.6317136539168218,19817.461416212915,,10.0,1473.0
6732,North Carolina,08-24-2020,156396,2535,136630.0,17231.0,1491.1779882769818,2087695.0,,1.620885444640528,19905.39930839608,,4.0,1283.0
6782,North Carolina,08-25-2020,157741,2570,136630.0,18541.0,1504.0020655822361,2102359.0,,1.6292530160199314,20045.215122228234,,35.0,1345.0
6832,North Carolina,08-26-2020,158985,2606,136630.0,19749.0,1515.8631452608506,2121001.0,,1.6391483473283643,20222.95969406805,,36.0,1244.0
6882,North Carolina,08-27-2020,161076,2630,136630.0,21816.0,1535.8000565212867,2152725.0,,1.6327696242767389,20525.436295132648,,24.0,2091.0
6932,North Carolina,08-28-2020,162491,2652,136630.0,23209.0,1549.291557924212,2182891.0,,1.6320903926986725,20813.057942709078,,22.0,1415.0
6982,North Carolina,08-29-2020,165076,2683,136630.0,25763.0,1573.9385763882135,2218149.0,,1.6253119775133875,21149.229926076103,,31.0,2585.0
7032,North Carolina,08-30-2020,166127,2692,136630.0,26805.0,1583.9594724832486,2243273.0,,1.6204470074099937,21388.777969360275,,9.0,1051.0
7082,North Carolina,08-31-2020,167309,2702,145884.0,18723.0,1595.2294051039255,2256172.0,,1.6149758829471217,21511.765161301148,,10.0,1182.0
